/*--------------------------------*- C++ -*----------------------------------*\
| =========                 |                                                 |
| \\      /  F ield         | OpenFOAM: The Open Source CFD Toolbox           |
|  \\    /   O peration     | Version:  2.1.1                                 |
|   \\  /    A nd           | Web:      www.OpenFOAM.org                      |
|    \\/     M anipulation  |                                                 |
\*---------------------------------------------------------------------------*/
FoamFile
{
    version     2.0;
    format      ascii;
    class       cellSet;
    location    "constant/polyMesh/sets";
    object      c3;
}
// * * * * * * * * * * * * * * * * * * * * * * * * * * * * * * * * * * * * * //


1680
(
32768 
32769 
32770 
32771 
32772 
32773 
32774 
32775 
32786 
32787 
32788 
32789 
32790 
32791 
32792 
32793 
32794 
32795 
32796 
32797 
32798 
32799 
32800 
32801 
32802 
32803 
32804 
32805 
32806 
32807 
32808 
32809 
32810 
32811 
32812 
32813 
32814 
32815 
32816 
32817 
32818 
32819 
32820 
32821 
32822 
32823 
32824 
32825 
32826 
32827 
32828 
32829 
32830 
32831 
32832 
32833 
32834 
32835 
32836 
32837 
32838 
32839 
32840 
32841 
32842 
32843 
32844 
32845 
32846 
32847 
32848 
32849 
32850 
32851 
32852 
32853 
32854 
32855 
32856 
32857 
32858 
32859 
32860 
32861 
32862 
32863 
32864 
32865 
32866 
32867 
32868 
32869 
32870 
32871 
32872 
32873 
32874 
32875 
32876 
32877 
32878 
32879 
32880 
32881 
32882 
32883 
32884 
32885 
32886 
32887 
32888 
32889 
32890 
32891 
32892 
32893 
32894 
32895 
32896 
32897 
32898 
32899 
32900 
32901 
32902 
32903 
32904 
32905 
32906 
32907 
32908 
32909 
32910 
32911 
32912 
32913 
32914 
32915 
32916 
32917 
32918 
32919 
32920 
32921 
32922 
32923 
32924 
32925 
32926 
32927 
32928 
32929 
32930 
32931 
32932 
32933 
32934 
32935 
32936 
32937 
32938 
32939 
32940 
32941 
32942 
32943 
32944 
32945 
32946 
32947 
32948 
32949 
32950 
32951 
32952 
32953 
32954 
32955 
32956 
32957 
32958 
32959 
32960 
32961 
32962 
32963 
32964 
32965 
32966 
32967 
32968 
32969 
32970 
32971 
32972 
32973 
32974 
32975 
32976 
32977 
32978 
32979 
32980 
32981 
32982 
32983 
32984 
32985 
32986 
32987 
32988 
32989 
32990 
32991 
32992 
32993 
32994 
32995 
32996 
32997 
32998 
32999 
33000 
33001 
33002 
33003 
33004 
33005 
33006 
33007 
33008 
33009 
33010 
33011 
33012 
33013 
33014 
33015 
33016 
33017 
33018 
33019 
33020 
33021 
33022 
33023 
33024 
33025 
33026 
33027 
33028 
33029 
33030 
33031 
33032 
33033 
33034 
33035 
33036 
33037 
33038 
33039 
33040 
33041 
33042 
33043 
33044 
33045 
33046 
33047 
33048 
33049 
33050 
33051 
33052 
33053 
33054 
33055 
33056 
33057 
33058 
33059 
33060 
33061 
33062 
33063 
33064 
33065 
33066 
33067 
33068 
33069 
33070 
33071 
33072 
33073 
33074 
33075 
33076 
33077 
33078 
33079 
33080 
33081 
33082 
33083 
33084 
33085 
33186 
33187 
33188 
33189 
33190 
33191 
33192 
33193 
33194 
33195 
33196 
33197 
33202 
33203 
33204 
33205 
33206 
33207 
33208 
33209 
33210 
33211 
33212 
33213 
33214 
33215 
33216 
33217 
33218 
33219 
33226 
33227 
33228 
33229 
33230 
33231 
33232 
33233 
33234 
33235 
33236 
33237 
33238 
33239 
33240 
33241 
33242 
33243 
33244 
33245 
33246 
33247 
33248 
33249 
33250 
33251 
33252 
33253 
33254 
33255 
33266 
33267 
33268 
33269 
33270 
33271 
33272 
33273 
33274 
33275 
33276 
33277 
33278 
33279 
33280 
33281 
33282 
33283 
33284 
33285 
33286 
33287 
33288 
33289 
33290 
33291 
33292 
33293 
33294 
33295 
33296 
33297 
33298 
33299 
33300 
33301 
33302 
33303 
33304 
33305 
33306 
33307 
33308 
33309 
33310 
33311 
33312 
33313 
33314 
33315 
33316 
33317 
33318 
33319 
33320 
33321 
33322 
33323 
33324 
33325 
33326 
33327 
33328 
33329 
33330 
33331 
33332 
33333 
33334 
33335 
33336 
33337 
33338 
33339 
33340 
33341 
33342 
33343 
33344 
33345 
33346 
33347 
33348 
33349 
33350 
33351 
33352 
33353 
33354 
33355 
33356 
33357 
33358 
33359 
33360 
33361 
33362 
33363 
33364 
33365 
33366 
33367 
33368 
33369 
33370 
33371 
33372 
33373 
33374 
33375 
33376 
33377 
33378 
33379 
33380 
33381 
33382 
33383 
33384 
33385 
33386 
33387 
33388 
33389 
33390 
33391 
33392 
33393 
33394 
33395 
33396 
33397 
33398 
33399 
33400 
33401 
33402 
33403 
33404 
33405 
33406 
33407 
33408 
33409 
33410 
33411 
33412 
33413 
33414 
33415 
33416 
33417 
33418 
33419 
33420 
33421 
33422 
33423 
33424 
33425 
33426 
33427 
33428 
33429 
33430 
33431 
33432 
33433 
33434 
33435 
33436 
33437 
33438 
33439 
33440 
33441 
33442 
33443 
33444 
33445 
33446 
33447 
33448 
33449 
33450 
33451 
33452 
33453 
33454 
33455 
33456 
33457 
33458 
33459 
33460 
33461 
33462 
33463 
33464 
33465 
33466 
33467 
33468 
33469 
33470 
33471 
33472 
33473 
33474 
33475 
33476 
33477 
33478 
33479 
33480 
33481 
33482 
33483 
33484 
33485 
33486 
33487 
33488 
33489 
33490 
33491 
33492 
33493 
33494 
33495 
33496 
33497 
33498 
33499 
33500 
33501 
33502 
33503 
33504 
33505 
33506 
33507 
33508 
33509 
33510 
33511 
33512 
33513 
33514 
33515 
33516 
33517 
33518 
33519 
33520 
33521 
33522 
33523 
33524 
33525 
33526 
33527 
33528 
33529 
33530 
33531 
33532 
33533 
33534 
33535 
33536 
33537 
33538 
33539 
33540 
33541 
33542 
33543 
33544 
33545 
33546 
33547 
33548 
33549 
33550 
33551 
33552 
33553 
33554 
33555 
33556 
33557 
33558 
33559 
33560 
33561 
33562 
33563 
33564 
33565 
33666 
33667 
33668 
33669 
33670 
33671 
33672 
33673 
33674 
33675 
33676 
33677 
4224 
4225 
4226 
4227 
4228 
4229 
4254 
4255 
4256 
4257 
4258 
4259 
4284 
4285 
4286 
4287 
4288 
4289 
4315 
4316 
4317 
4318 
4319 
6000 
6001 
6002 
6003 
6004 
6005 
6006 
6007 
6008 
6009 
6010 
6011 
6012 
6013 
6014 
6015 
6016 
6017 
6018 
6019 
6020 
6021 
6022 
6023 
6024 
6025 
6026 
6027 
6028 
6029 
6030 
6031 
6032 
6033 
6034 
6035 
6036 
6037 
6038 
6039 
6200 
6201 
6202 
6203 
6204 
6205 
6206 
6207 
6208 
6209 
6210 
6211 
6212 
6213 
6214 
6215 
6216 
6217 
6218 
6219 
6220 
6221 
6222 
6223 
6224 
6225 
6226 
6227 
6228 
6229 
6230 
6231 
6232 
6233 
6234 
6235 
6236 
6237 
6238 
6239 
6240 
6241 
6242 
6243 
6244 
6245 
6246 
6247 
6248 
6249 
6250 
6251 
6252 
6253 
6254 
6255 
6256 
6257 
6258 
6259 
6260 
6261 
6262 
6263 
6264 
6265 
6266 
6267 
6268 
6269 
6270 
6271 
6272 
6273 
6274 
6275 
6276 
6277 
6278 
6279 
6280 
6281 
6282 
6283 
6284 
6285 
6286 
6287 
6288 
6289 
6290 
6291 
6292 
6293 
6294 
6295 
6296 
6297 
6298 
6299 
6300 
6301 
6302 
6303 
6304 
6305 
6306 
6307 
6308 
6309 
6310 
6311 
6312 
6313 
6314 
6315 
6316 
6317 
6318 
6319 
6320 
6321 
6322 
6323 
6324 
6325 
6326 
6327 
6328 
6329 
6330 
6331 
6332 
6333 
6334 
6335 
6336 
6337 
6338 
6339 
6340 
6341 
6342 
6343 
6344 
6345 
6346 
6347 
6348 
6349 
6350 
6351 
6352 
6353 
6354 
6355 
6356 
6357 
6358 
6359 
6360 
6361 
6362 
6363 
6364 
6365 
6366 
6367 
6368 
6369 
6370 
6371 
6372 
6373 
6374 
6375 
6376 
6377 
6378 
6379 
6380 
6381 
6382 
6383 
6384 
6385 
6386 
6387 
6388 
6389 
6390 
6391 
6392 
6393 
6394 
6395 
6396 
6397 
6398 
6399 
6400 
6401 
6402 
6403 
6404 
6405 
6406 
6407 
6408 
6409 
6410 
6411 
6412 
6413 
6414 
6415 
6416 
6417 
6418 
6419 
6420 
6421 
6422 
6423 
6424 
6425 
6426 
6427 
6428 
6429 
6430 
6431 
6432 
6433 
6434 
6435 
6436 
6437 
6438 
6439 
6440 
6441 
6442 
6443 
6444 
6445 
6446 
6447 
6448 
6449 
6450 
6451 
6452 
6453 
6454 
6455 
6456 
6457 
6458 
6459 
6460 
6461 
6462 
6463 
6464 
6465 
6466 
6467 
6468 
6469 
6470 
6471 
6472 
6473 
6474 
6475 
6476 
6477 
6478 
6479 
6480 
6481 
6482 
6483 
6484 
6485 
6486 
6487 
6488 
6489 
6490 
6491 
6492 
6493 
6494 
6495 
6496 
6497 
6498 
6499 
6500 
6501 
6502 
6503 
6504 
6505 
6506 
6507 
6508 
6509 
6510 
6511 
6512 
6513 
6514 
6515 
6516 
6517 
6518 
6519 
6520 
6521 
6522 
6523 
6524 
6525 
6526 
6527 
6528 
6529 
6530 
6531 
6532 
6533 
6534 
6535 
6536 
6537 
6538 
6539 
6540 
6541 
6542 
6543 
6544 
6545 
6546 
6547 
6548 
6549 
6550 
6551 
6552 
6553 
6554 
6555 
6556 
6557 
6558 
6559 
6560 
6561 
6562 
6563 
6564 
6565 
6566 
6567 
6568 
6569 
6570 
6571 
6572 
6573 
6574 
6575 
6576 
6577 
6578 
6579 
6580 
6581 
6582 
6583 
6584 
6585 
6586 
6587 
6588 
6589 
6590 
6591 
6592 
6593 
6594 
6595 
6596 
6597 
6598 
6599 
8200 
8201 
8202 
8203 
8230 
8231 
8232 
8233 
8260 
8261 
8262 
8263 
8290 
8291 
8292 
8293 
32242 
32243 
32244 
32245 
32246 
32247 
32248 
32249 
32250 
32251 
32252 
32253 
32254 
32255 
32256 
32257 
32258 
32259 
32260 
32261 
32262 
32263 
32264 
32265 
32266 
32267 
32268 
32269 
32270 
32271 
32272 
32273 
32274 
32275 
32276 
32277 
32278 
32279 
32280 
32281 
32282 
32283 
32284 
32285 
32286 
32287 
32288 
32289 
32290 
32291 
32292 
32293 
32294 
32295 
32296 
32297 
32298 
32299 
32300 
32301 
32302 
32303 
32304 
32305 
32306 
32307 
32308 
32309 
32310 
32311 
32312 
32313 
32314 
32315 
32316 
32317 
32318 
32319 
32320 
32321 
32322 
32323 
32324 
32325 
32326 
32327 
32328 
32329 
32330 
32331 
32332 
32333 
32334 
32335 
32336 
32337 
32338 
32339 
32340 
32341 
32342 
32343 
32344 
32345 
32346 
32347 
32348 
32349 
32350 
32351 
32352 
32353 
32354 
32355 
32356 
32357 
32358 
32359 
32360 
32361 
32362 
32363 
32364 
32365 
32366 
32367 
32368 
32369 
32370 
32371 
32372 
32373 
32374 
32375 
32376 
32377 
32378 
32379 
32380 
32381 
32382 
32383 
32384 
32385 
32386 
32387 
32388 
32389 
32390 
32391 
32392 
32393 
32394 
32395 
32396 
32397 
32398 
32399 
32400 
32401 
32402 
32403 
32404 
32405 
32406 
32407 
32408 
32409 
32410 
32411 
32412 
32413 
32414 
32415 
32416 
32417 
32418 
32419 
32420 
32421 
32422 
32423 
32424 
32425 
32426 
32427 
32428 
32429 
32430 
32431 
32432 
32433 
32434 
32435 
32436 
32437 
32438 
32439 
32440 
32441 
32442 
32443 
32444 
32445 
32446 
32447 
32448 
32449 
32450 
32451 
32452 
32453 
32454 
32455 
32456 
32457 
32458 
32459 
32460 
32461 
32462 
32463 
32464 
32465 
32466 
32467 
32468 
32469 
32470 
32471 
32472 
32473 
32474 
32475 
32476 
32477 
32478 
32479 
32480 
32481 
32482 
32483 
32484 
32485 
32486 
32487 
32488 
32489 
32490 
32491 
32492 
32493 
32494 
32495 
32496 
32497 
32498 
32499 
32500 
32501 
32502 
32503 
32504 
32505 
32506 
32507 
32508 
32509 
32510 
32511 
32512 
32513 
32514 
32515 
32516 
32517 
32518 
32519 
32520 
32521 
32522 
32523 
32524 
32525 
32526 
32527 
32528 
32529 
32530 
32531 
32532 
32533 
32534 
32535 
32536 
32537 
32538 
32539 
32540 
32541 
32542 
32543 
32544 
32545 
32546 
32547 
32548 
32549 
32550 
32551 
32552 
32553 
32554 
32555 
32556 
32557 
32558 
32559 
32560 
32561 
32562 
32563 
32564 
32565 
32566 
32567 
32568 
32569 
32570 
32571 
32572 
32573 
32574 
32575 
32576 
32577 
32578 
32579 
32580 
32581 
32582 
32583 
32584 
32585 
32586 
32587 
32588 
32589 
32590 
32591 
32592 
32593 
32594 
32595 
32596 
32597 
32598 
32599 
32600 
32601 
32602 
32603 
32604 
32605 
32606 
32607 
32608 
32609 
32610 
32611 
32612 
32613 
32614 
32615 
32616 
32617 
32618 
32619 
32620 
32621 
32622 
32623 
32624 
32625 
32626 
32627 
32628 
32629 
32630 
32631 
32632 
32633 
32634 
32635 
32636 
32637 
32638 
32639 
32640 
32641 
32642 
32643 
32644 
32645 
32646 
32647 
32648 
32649 
32650 
32651 
32652 
32653 
32654 
32655 
32656 
32657 
32658 
32659 
32660 
32661 
32662 
32663 
32664 
32665 
32666 
32667 
32668 
32669 
32670 
32671 
32672 
32673 
32674 
32675 
32676 
32677 
32678 
32679 
32680 
32681 
32682 
32683 
32684 
32685 
32686 
32687 
32688 
32689 
32690 
32691 
32692 
32693 
32694 
32695 
32696 
32697 
32698 
32699 
32700 
32701 
32702 
32703 
32704 
32705 
32706 
32707 
32708 
32709 
32710 
32711 
32712 
32713 
32714 
32715 
32716 
32717 
32718 
32719 
32720 
32721 
32722 
32723 
32724 
32725 
32726 
32727 
32728 
32729 
32730 
32731 
32732 
32733 
32734 
32735 
32736 
32737 
32738 
32739 
32740 
32746 
32747 
32748 
32749 
32750 
32751 
32752 
32753 
32754 
32755 
32756 
32757 
32758 
32759 
32760 
32761 
32762 
32763 
32764 
32765 
32766 
32767 
)

// ************************************************************************* //
