/*--------------------------------*- C++ -*----------------------------------*\
| =========                 |                                                 |
| \\      /  F ield         | OpenFOAM: The Open Source CFD Toolbox           |
|  \\    /   O peration     | Version:  2.1.1                                 |
|   \\  /    A nd           | Web:      www.OpenFOAM.org                      |
|    \\/     M anipulation  |                                                 |
\*---------------------------------------------------------------------------*/
FoamFile
{
    version     2.0;
    format      ascii;
    class       cellSet;
    location    "constant/polyMesh/sets";
    object      c4;
}
// * * * * * * * * * * * * * * * * * * * * * * * * * * * * * * * * * * * * * //


912
(
32786 
32787 
32788 
32789 
32790 
32791 
32792 
32793 
32794 
32795 
32796 
32797 
32798 
32799 
32800 
32801 
32802 
32803 
32804 
32805 
32806 
32807 
32808 
32809 
32810 
32811 
32812 
32813 
32814 
32815 
32816 
32817 
32818 
32819 
32820 
32821 
32822 
32823 
32824 
32825 
32826 
32827 
32828 
32829 
32830 
32831 
32832 
32833 
32834 
32835 
32836 
32837 
32838 
32839 
32840 
32841 
32842 
32843 
32844 
32845 
32846 
32847 
32848 
32849 
32850 
32851 
32852 
32853 
32854 
32855 
32856 
32857 
32858 
32859 
32860 
32861 
32862 
32863 
32864 
32865 
32866 
32867 
32868 
32869 
32870 
32871 
32872 
32873 
32874 
32875 
32876 
32877 
32878 
32879 
32880 
32881 
32882 
32883 
32884 
32885 
32886 
32887 
32888 
32889 
32890 
32891 
32892 
32893 
32894 
32895 
32896 
32897 
32898 
32899 
32900 
32901 
32902 
32903 
32904 
32905 
32906 
32907 
32908 
32909 
32910 
32911 
32912 
32913 
32914 
32915 
32916 
32917 
32918 
32919 
32920 
32921 
32922 
32923 
32924 
32925 
32926 
32927 
32928 
32929 
32930 
32931 
32932 
32933 
32934 
32935 
32936 
32937 
32938 
32939 
32940 
32941 
32942 
32943 
32944 
32945 
32946 
32947 
32948 
32949 
32950 
32951 
32952 
32953 
32954 
32955 
32956 
32957 
32958 
32959 
32960 
32961 
32962 
32963 
32964 
32965 
32966 
32967 
32968 
32969 
32970 
32971 
32972 
32973 
32974 
32975 
32976 
32977 
32978 
32979 
32980 
32981 
32982 
32983 
32984 
32985 
33186 
33190 
33205 
33206 
33207 
33211 
33212 
33213 
33226 
33227 
33228 
33229 
33230 
33231 
33232 
33233 
33234 
33235 
33236 
33237 
33238 
33239 
33240 
33241 
33242 
33243 
33244 
33245 
33266 
33267 
33268 
33269 
33270 
33271 
33272 
33273 
33274 
33275 
33276 
33277 
33278 
33279 
33280 
33281 
33282 
33283 
33284 
33285 
33286 
33287 
33288 
33289 
33290 
33291 
33292 
33293 
33294 
33295 
33296 
33297 
33298 
33299 
33300 
33301 
33302 
33303 
33304 
33305 
33306 
33307 
33308 
33309 
33310 
33311 
33312 
33313 
33314 
33315 
33316 
33317 
33318 
33319 
33320 
33321 
33322 
33323 
33324 
33325 
33326 
33327 
33328 
33329 
33330 
33331 
33332 
33333 
33334 
33335 
33336 
33337 
33338 
33339 
33340 
33341 
33342 
33343 
33344 
33345 
33346 
33347 
33348 
33349 
33350 
33351 
33352 
33353 
33354 
33355 
33356 
33357 
33358 
33359 
33360 
33361 
33362 
33363 
33364 
33365 
33366 
33367 
33368 
33369 
33370 
33371 
33372 
33373 
33374 
33375 
33376 
33377 
33378 
33379 
33380 
33381 
33382 
33383 
33384 
33385 
33386 
33387 
33388 
33389 
33390 
33391 
33392 
33393 
33394 
33395 
33396 
33397 
33398 
33399 
33400 
33401 
33402 
33403 
33404 
33405 
33406 
33407 
33408 
33409 
33410 
33411 
33412 
33413 
33414 
33415 
33416 
33417 
33418 
33419 
33420 
33421 
33422 
33423 
33424 
33425 
33426 
33427 
33428 
33429 
33430 
33431 
33432 
33433 
33434 
33435 
33436 
33437 
33438 
33439 
33440 
33441 
33442 
33443 
33444 
33445 
33446 
33447 
33448 
33449 
33450 
33451 
33452 
33453 
33454 
33455 
33456 
33457 
33458 
33459 
33460 
33461 
33462 
33463 
33464 
33465 
33666 
33670 
4227 
4228 
4229 
4257 
4258 
4259 
6000 
6001 
6002 
6003 
6004 
6005 
6006 
6007 
6008 
6009 
6010 
6011 
6012 
6013 
6014 
6015 
6016 
6017 
6018 
6019 
6200 
6201 
6202 
6203 
6204 
6205 
6206 
6207 
6208 
6209 
6210 
6211 
6212 
6213 
6214 
6215 
6216 
6217 
6218 
6219 
6220 
6221 
6222 
6223 
6224 
6225 
6226 
6227 
6228 
6229 
6230 
6231 
6232 
6233 
6234 
6235 
6236 
6237 
6238 
6239 
6240 
6241 
6242 
6243 
6244 
6245 
6246 
6247 
6248 
6249 
6250 
6251 
6252 
6253 
6254 
6255 
6256 
6257 
6258 
6259 
6260 
6261 
6262 
6263 
6264 
6265 
6266 
6267 
6268 
6269 
6270 
6271 
6272 
6273 
6274 
6275 
6276 
6277 
6278 
6279 
6280 
6281 
6282 
6283 
6284 
6285 
6286 
6287 
6288 
6289 
6290 
6291 
6292 
6293 
6294 
6295 
6296 
6297 
6298 
6299 
6300 
6301 
6302 
6303 
6304 
6305 
6306 
6307 
6308 
6309 
6310 
6311 
6312 
6313 
6314 
6315 
6316 
6317 
6318 
6319 
6320 
6321 
6322 
6323 
6324 
6325 
6326 
6327 
6328 
6329 
6330 
6331 
6332 
6333 
6334 
6335 
6336 
6337 
6338 
6339 
6340 
6341 
6342 
6343 
6344 
6345 
6346 
6347 
6348 
6349 
6350 
6351 
6352 
6353 
6354 
6355 
6356 
6357 
6358 
6359 
6360 
6361 
6362 
6363 
6364 
6365 
6366 
6367 
6368 
6369 
6370 
6371 
6372 
6373 
6374 
6375 
6376 
6377 
6378 
6379 
6380 
6381 
6382 
6383 
6384 
6385 
6386 
6387 
6388 
6389 
6390 
6391 
6392 
6393 
6394 
6395 
6396 
6397 
6398 
6399 
8200 
8230 
32245 
32246 
32247 
32251 
32252 
32253 
32266 
32267 
32268 
32269 
32270 
32271 
32272 
32273 
32274 
32275 
32276 
32277 
32278 
32279 
32280 
32281 
32282 
32283 
32284 
32285 
32306 
32307 
32308 
32309 
32310 
32311 
32312 
32313 
32314 
32315 
32316 
32317 
32318 
32319 
32320 
32321 
32322 
32323 
32324 
32325 
32326 
32327 
32328 
32329 
32330 
32331 
32332 
32333 
32334 
32335 
32336 
32337 
32338 
32339 
32340 
32341 
32342 
32343 
32344 
32345 
32346 
32347 
32348 
32349 
32350 
32351 
32352 
32353 
32354 
32355 
32356 
32357 
32358 
32359 
32360 
32361 
32362 
32363 
32364 
32365 
32366 
32367 
32368 
32369 
32370 
32371 
32372 
32373 
32374 
32375 
32376 
32377 
32378 
32379 
32380 
32381 
32382 
32383 
32384 
32385 
32386 
32387 
32388 
32389 
32390 
32391 
32392 
32393 
32394 
32395 
32396 
32397 
32398 
32399 
32400 
32401 
32402 
32403 
32404 
32405 
32406 
32407 
32408 
32409 
32410 
32411 
32412 
32413 
32414 
32415 
32416 
32417 
32418 
32419 
32420 
32421 
32422 
32423 
32424 
32425 
32426 
32427 
32428 
32429 
32430 
32431 
32432 
32433 
32434 
32435 
32436 
32437 
32438 
32439 
32440 
32441 
32442 
32443 
32444 
32445 
32446 
32447 
32448 
32449 
32450 
32451 
32452 
32453 
32454 
32455 
32456 
32457 
32458 
32459 
32460 
32461 
32462 
32463 
32464 
32465 
32466 
32467 
32468 
32469 
32470 
32471 
32472 
32473 
32474 
32475 
32476 
32477 
32478 
32479 
32480 
32481 
32482 
32483 
32484 
32485 
32486 
32487 
32488 
32489 
32490 
32491 
32492 
32493 
32494 
32495 
32496 
32497 
32498 
32499 
32500 
32501 
32502 
32503 
32504 
32505 
32706 
32710 
32725 
32726 
32727 
32731 
32732 
32733 
32746 
32747 
32748 
32749 
32750 
32751 
32752 
32753 
32754 
32755 
32756 
32757 
32758 
32759 
32760 
32761 
32762 
32763 
32764 
32765 
)

// ************************************************************************* //
